2737 2679 2696 3061 344 382 425 384 53 64 
2966 96 
2869 41472 
2709 2794 96 
2745 3041 45961 
2613 3232 2776 94 
2761 2859 2841 46347 
2714 2775 2761 2794 346 1034 361 376 52 56 
4 
6 
10 
7 
16 
2762 2743 2761 2755 358 414 371 368 60 55 
13 
2794 2758 2680 2841 430 361 367 400 56 55 
9 
2685 3000 3202 2877 361 368 395 389 47 55 
75 
51 
54 
2718 2927 2759 2972 359 349 392 406 45 45 
2735 2746 2861 2820 423 372 370 378 190 45 
2639 3312 2701 2876 376 437 534 375 55 55 
98 
2691 2890 2676 2815 381 359 380 378 45 55 
2682 2774 2792 2817 365 353 412 675 412 56 
2767 2821 2746 2858 358 366 374 383 56 44 
29 
5 
2730 2837 2884 2858 402 373 348 423 61 56 
2693 2819 2657 3338 370 362 361 390 55 45 
6 
5 
11 
2750 2814 2743 2836 362 359 363 366 56 67 
2818 2720 2720 2831 393 370 346 389 56 56 
11 
2714 3615 2713 2850 387 373 397 442 49 56 
3 
2711 2927 2796 2796 403 359 359 415 54 55 
7 
8 
22 
5 
2657 2933 2724 2926 391 369 414 371 42 55 
3210 2742 2761 2844 383 375 598 417 71 45 
4 
4 
7 
2880 2807 2865 2914 429 372 354 368 56 45 
2730 2824 2905 3295 355 357 365 402 53 45 
11 
2706 2789 2906 2945 360 370 405 361 55 55 
2831 2723 2963 2843 351 367 406 372 56 77 
2720 
3246 
2760 
2875 2901 2893 3166 374 389 469 381 87 89 
2871 3317 3044 3156 416 386 386 419 59 56 
2766 3824 2939 3384 370 387 374 378 67 75 
3119 2910 2955 2876 413 360 414 375 56 46 
2764 
3166 
2962 
42087 
42094 
42086 
2821 3231 2650 2854 493 946 495 360 74 44 
2694 3396 2658 3233 311 379 362 403 48 55 
2651 3024 2730 2825 383 326 355 328 50 45 
68 
55 
2769 2915 3587 2802 448 396 410 376 56 56 
43 
2601 2732 2727 3119 455 380 337 389 65 56 
10 
6 
2768 2764 2695 2727 14 
2643 2832 3052 2712 14 
4 
4 
4 
2876 2892 2689 2798 14 
2660 2764 2886 2708 16 
4 
2833 2886 3335 2770 525 598 326 380 43 68 
2578 3 
2720 94 
2734 2935 2928 2819 351 305 391 311 45 281 
2692 2798 2690 3485 333 417 342 398 55 56 
2660 2734 
2728 2808 
2797 3136 
2655 2708 2666 2768 402 325 371 322 57 211 
2871 2714 2728 2836 330 402 323 400 56 55 
2604 2847 2714 2900 383 335 387 320 47 44 
2640 2750 2687 2893 327 473 536 666 59 56 
2593 2681 
2827 2948 
2712 2709 
2762 41472 
2704 51 
2739 41476 
2927 3144 3115 2891 351 355 372 376 42 45 
2933 2978 3129 3107 366 365 344 377 46 56 
2831 2941 3635 3184 363 355 349 373 45 44 
2781 37 
3060 47 
2821 2842 2941 3092 459 355 335 376 58 45 
2803 59 
2834 2930 3433 2972 398 386 357 389 45 56 
3025 3 
2773 2 
2923 2965 2849 2913 418 368 366 585 72 66 
2922 3105 3716 2841 525 411 408 358 57 45 
2820 3 
2972 2707 
3020 2833 
2782 2905 
2882 2798 
2728 3583 3025 2946 363 384 410 384 45 56 
3063 400 
2954 93 
3042 411 
4932 6725 
3062 3093 
2919 99 
3039 3029 
3076 2998 
2901 118 
3940 3118 
3043 3040 
3069 3177 
5 
2929 95 
3 
2919 3075 2820 3233 369 413 455 364 45 45 
3628 2981 3 
2984 3002 95 
3014 3188 3000 3019 371 423 410 467 62 56 
2980 2934 2965 3711 434 461 399 493 224 67 
2962 2988 3035 
2885 3015 2976 
2970 2979 3219 
2879 3583 2940 3080 399 361 445 413 62 66 
3013 2941 3121 3162 367 419 354 481 64 56 
3010 3185 2958 3096 895 432 368 499 47 67 
2946 3129 3182 3193 354 508 354 433 56 78 
2916 2910 3026 
2825 3115 2917 
3603 3056 3153 
3006 3129 45957 
2917 3035 78 
2935 3252 45956 
2892 3008 3463 3096 375 435 385 478 51 55 
3064 3100 2923 3772 427 508 480 433 65 56 
3049 3264 2974 3147 389 412 364 375 60 56 
2921 3426 84 
2835 3070 43 
2971 4205 2771 2940 375 430 359 367 55 55 
3060 2988 106 
2959 3104 2994 3023 373 386 440 414 65 56 
3136 3115 3 
3390 3307 3 
2895 3132 3049 3168 421 615 431 379 65 56 
2850 3268 2893 2941 412 417 445 411 54 56 
3747 3074 3 
3067 3157 2851 
3163 2953 2881 
3226 3016 2913 
3762 2869 2800 
2707 2744 2714 3120 425 488 388 432 43 45 
3138 2966 2951 
2968 3707 97 
2873 3239 3008 
2909 3097 3113 
2887 3087 3092 
3001 3497 3253 
3029 3119 3153 
2977 3161 3154 
2912 3123 3966 
3315 3084 3214 
2940 3181 3074 
2986 3119 3042 
3128 3443 3233 
2862 3051 3238 
3092 2998 3254 
3114 2986 3698 
3064 3089 3168 
3007 3033 3122 
3 
3194 3058 94 
3 
3336 3100 3549 3236 350 367 347 401 55 45 
2882 3109 3131 3 
2907 3201 3437 95 
2922 3222 2923 4254 610 429 412 396 62 56 
2833 3292 2854 3291 393 390 378 402 44 56 
2994 3102 2899 3300 
3091 3325 2814 3306 
2823 3398 3119 3054 
3268 3012 3099 3849 413 485 528 415 59 56 
2862 3251 2931 3381 408 409 379 442 86 135 
2956 2849 2850 3329 392 388 385 401 71 57 
2986 3969 2849 3348 391 434 400 461 226 56 
2914 3236 2872 3177 
2889 3473 3071 3366 
3568 3363 2841 3360 
2871 3231 2851 46347 
2567 3171 2772 66 
2789 3114 3201 46418 
3085 3069 2868 3080 397 1100 444 382 64 67 
2590 2666 2620 2758 350 390 423 375 66 58 
2772 3074 2962 3195 419 391 406 431 55 56 
2922 3621 4039 92 
3086 3253 3159 93 
3027 3023 2894 2837 521 363 368 401 65 69 
3040 3118 3107 50 
4042 3335 3322 3024 495 422 392 413 45 45 
2835 3336 2587 3 
2690 2892 2776 4 
2991 4243 3097 2986 342 366 357 384 82 45 
2667 3101 3097 3204 385 371 420 423 60 56 
3111 3179 3313 3 
3975 3232 3155 3206 
2990 3263 3009 2929 
3177 3240 3063 3379 
2943 3274 2678 2866 
3104 3464 2854 2731 335 451 364 344 43 56 
2916 3284 2667 3319 
2547 2875 2727 243 
2561 3238 2888 3282 
3061 3153 2713 3030 581 343 344 355 46 55 
2865 3039 2820 2662 349 343 348 372 81 56 
2877 3494 2566 3114 350 355 363 359 56 56 
3497 2789 2874 3191 
3133 3074 3155 2764 480 356 384 366 71 56 
2901 3397 2529 3457 
3355 3389 2517 2692 
2612 2789 2688 2946 
3035 3067 3133 3895 
3093 2762 2625 3081 
3259 3076 3205 2812 
2688 3290 3200 3362 336 382 355 361 57 45 
2555 2775 2753 3068 
2637 2966 2609 3064 
3045 3013 3041 4182 383 425 406 369 57 45 
2795 3066 3026 3086 
3195 3180 3097 3153 
2940 3221 4040 3360 443 491 444 398 58 54 
2935 2990 3266 3067 
3083 3378 3553 3379 
3460 3297 3419 3712 
3067 3678 3475 3925 
2835 4227 3146 3548 
3206 3377 3123 3441 
2970 3470 3257 3524 1079 411 469 429 91 79 
3012 3637 2988 3566 
2743 3431 3028 3417 
2813 3410 3602 3519 362 411 476 412 56 45 
3025 2885 3346 3441 
3266 3586 3444 3629 
3703 3360 3603 3489 
3372 3213 3629 3628 
3388 3451 4080 3790 
3130 3760 3151 3825 404 512 507 514 58 55 
3289 2991 3725 3801 
3160 3997 3623 3111 
3814 3444 3749 3286 
3696 3571 4096 3579 
3710 3329 3968 3547 
3802 3255 3984 3939 
3850 3463 4165 3631 598 579 553 536 57 66 
3938 2984 4153 3563 
4441 3576 4282 3798 
4167 4911 4037 5600 
5451 4590 4597 4857 
3150 4724 4279 5830 
3423 4508 4516 4103 678 602 593 596 52 45 
4085 3558 4349 5160 
3454 4968 4495 3972 
4060 3679 4408 4796 
3963 3897 4315 4276 618 670 585 680 71 86 
4237 4407 4504 4813 
4209 3702 4249 3934 
4212 3749 4159 3853 
4648 3567 4259 3836 
4292 3708 4433 4439 
3562 5385 3590 4449 
3411 4580 3617 4597 
6 
3307 4359 5132 93 
3 
4 
5 
4 
3 
29 
4 
4 
3 
9 
3 
4 
3 
4 
2 
3 
5 
4 
4 
3 
3 
3 
4 
3 
3 
3 
3 
3 
3 
3 
3 
3 
8 
2 
2 
3 
3 
9 
6 
3 
4 
3 
4 
3 
3 
8 
2 
2 
3 
3 
3 
3 
4 
3 
4 
4 
4 
3 
3 
6 
9 
6 
4 
5 
4 
4 
3 
3 
3 
5 
3 
9 
8 
5 
5 
3 
4 
3 
4 
3 
4 
3 
4 
3 
4 
3 
3 
3 
3 
12 
7 
8 
8 
6 
3 
5 
3 
3 
3 
4 
3 
4 
2 
3 
2 
3 
4 
3 
3 
3 
4 
13 
7 
3 
4 
3 
3 
3 
3 
2 
4 
3 
4 
4 
3 
3 
5 
4 
2 
5 
3 
6 
4 
3 
3 
3 
2 
3 
3 
4 
3 
3 
4 
3 
3 
3 
3 
3 
2 
3 
5 
4 
2 
5 
3 
5 
3 
4 
3 
3 
4 
3 
4 
3 
3 
3 
4 
4 
4 
3 
3 
3 
3 
3 
3 
6 
4 
4 
5 
3 
5 
4 
4 
4 
3 
4 
19 
2 
5 
3 
4 
3 
5 
3 
3 
4 
3 
4 
3 
4 
3 
3 
3 
3 
4 
3 
5 
3 
9 
4 
10 
4 
3 
4 
3 
4 
3 
3 
4 
3 
3 
3 
4 
2 
2 
2 
4 
3 
6 
7 
8 
3 
2 
4 
2 
3 
2 
3 
3 
2 
3 
4 
3 
3 
3 
3 
2 
5 
2 
3 
3 
2 
3 
3 
4 
3 
3 
3 
3 
3 
3 
3 

